,Tweet_ID,fav_count,retweet_count
0,892420643555336193,38695,8558
1,892177421306343426,33165,6292
2,891815181378084864,24964,4173
3,891689557279858688,42078,8690
4,891327558926688256,40226,9452
5,891087950875897856,20171,3127
6,890971913173991426,11816,2082
7,890729181411237888,65362,18983
8,890609185150312448,27725,4281
9,890240255349198849,31865,7451
10,890006608113172480,30578,7365
11,889880896479866881,27728,4991
12,889665388333682689,48014,10109
13,889638837579907072,27118,4566
14,889531135344209921,15063,2242
15,889278841981685760,25243,5449
16,888917238123831296,29007,4516
17,888804989199671297,25532,4362
18,888554962724278272,19857,3595
19,888078434458587136,21700,3509
20,887705289381826560,30113,5415
21,887517139158093824,46123,11717
22,887473957103951883,68946,18309
23,887343217045368832,33600,10449
24,887101392804085760,30461,5987
25,886983233522544640,35067,7807
26,886736880519319552,12040,3311
27,886680336477933568,22364,4487
28,886366144734445568,21145,3209
29,886267009285017600,116,4
30,886258384151887873,27918,6316
31,886054160059072513,0,104
32,885984800019947520,32621,6840
33,885528943205470208,35916,6462
34,885518971528720385,20377,3776
35,885311592912609280,0,18648
36,885167619883638784,21900,4400
37,884925521741709313,77391,18528
38,884876753390489601,27875,5809
39,884562892145688576,24242,4889
40,884441805382717440,26932,5670
41,884247878851493888,72867,20543
42,884162670584377345,20341,2998
43,883838122936631299,21850,3459
44,883482846933004288,45862,10014
45,883360690899218434,22517,3693
46,883117836046086144,37141,6704
47,882992080364220416,23899,3941
48,882762694511734784,28259,4943
49,882627270321602560,27848,6123
50,882268110199369728,44903,11674
51,882045870035918850,29286,5009
52,881906580714921986,24240,3412
53,881666595344535552,50449,10739
54,881633300179243008,128,7
55,881536004380872706,49362,16078
56,881268444196462592,23021,5183
57,880935762899988482,16971,2790
58,880872448815771648,21261,3839
59,880465832366813184,28470,6325
60,880221127280381952,27021,4256
61,880095782870896641,27567,4382
62,879862464715927552,22260,3514
63,879674319642796034,311,10
64,879492040517615616,23367,3202
65,879415818425184262,105714,44513
66,879376492567855104,16741,3136
67,879130579576475649,0,6886
68,879050749262655488,22547,4744
69,879008229531029506,18935,2711
70,878776093423087618,19376,4161
71,878604707211726852,30229,7288
72,878404777348136964,0,1300
73,878316110768087041,0,6698
74,878281511006478336,7743,1300
75,878057613040115712,41985,6886
76,877736472329191424,79830,19275
77,877611172832227328,0,81
78,877556246731214848,22710,3843
79,877316821321428993,27323,5204
80,877201837425926144,27100,5636
81,876838120628539392,20638,3379
82,876537666061221889,23428,4641
83,876484053909872640,18740,2420
84,876120275196170240,27886,4720
85,875747767867523072,25177,4331
86,875144289856114688,21901,4965
87,875097192612077568,27417,6085
88,875021211251597312,25472,4758
89,874680097055178752,27830,4689
90,874434818259525634,0,14905
91,874296783580663808,26064,4150
92,874057562936811520,22655,3983
93,874012996292530176,34677,10574
94,873580283840344065,24258,3984
95,873337748698140672,0,1605
96,873213775632977920,7253,1605
97,872967104147763200,27405,5461
98,872820683541237760,14738,3731
99,872668790621863937,0,28
100,872620804844003328,20829,3757
101,872486979161796608,40769,9115
102,872261713294495745,34316,6415
103,872122724285648897,34548,8238
104,871879754684805121,38183,11375
105,871762521631449091,20323,3524
106,871515927908634625,20290,3505
107,871166179821445120,0,5781
108,871102520638267392,21010,5582
109,871032628920680449,22752,3866
110,870804317367881728,33814,6328
111,870726314365509632,120,3
112,870656317836468226,12496,2692
113,870374049280663552,83180,26722
114,870308999962521604,21946,4230
115,870063196459192321,36931,8520
116,869772420881756160,42724,10254
117,869702957897576449,28468,6462
118,869596645499047938,16104,3199
119,869227993411051520,20621,3874
120,868880397819494401,66271,14863
121,868639477480148993,0,2147
122,868622495443632128,27496,5911
123,868552278524837888,10266,2147
124,867900495410671616,24428,4281
125,867774946302451713,34391,7518
126,867421006826221569,16339,2582
127,867072653475098625,0,131
128,867051520902168576,32664,8093
129,866720684873056260,20365,4968
130,866686824827068416,19605,3589
131,866450705531457537,124079,36291
132,866334964761202691,53389,14905
133,866094527597207552,0,8642
134,865718153858494464,25998,5772
135,865359393868664832,26889,5160
136,865006731092295680,28449,7915
137,864873206498414592,32866,9006
138,864279568663928832,14870,3148
139,864197398364647424,30699,9261
140,863907417377173506,20979,4278
141,863553081350529029,15561,4320
142,863471782782697472,0,2562
143,863432100342583297,24245,5459
144,863427515083354112,2302,100
145,863079547188785154,8935,1135
146,863062471531167744,8697,2562
147,862831371563274240,19556,5267
148,862722525377298433,17419,3663
149,862457590147678208,20956,5144
150,862096992088072192,76191,24202
151,861383897657036800,36834,11105
152,861288531465048066,17564,4331
153,861005113778896900,17102,3962
154,860981674716409858,0,2249
155,860924035999428608,0,850
156,860563773140209665,7674,2249
157,860524505164394496,24154,5493
158,860276583193509888,18737,3621
159,860184849394610176,17081,6084
160,860177593139703809,0,32238
161,859924526012018688,19995,4274
162,859851578198683649,15769,3649
163,859607811541651456,19038,1640
164,859196978902773760,92288,31603
165,859074603037188101,34758,14213
166,858860390427611136,0,8499
167,858843525470990336,15941,3631
168,858471635011153920,22081,5064
169,858107933456039936,16147,3044
170,857989990357356544,16546,2703
171,857746408056729600,35219,11122
172,857393404942143489,6094,1710
173,857263160327368704,20573,4742
174,857214891891077121,236,20
175,857062103051644929,0,178
176,857029823797047296,19468,4200
177,856602993587888130,0,11236
178,856543823941562368,16762,3028
179,856526610513747968,12183,1977
180,856330835276025856,0,713
181,856288084350160898,532,17
182,856282028240666624,28518,6653
183,855862651834028034,357,28
184,855860136149123072,5150,1093
185,855857698524602368,12211,2235
186,855851453814013952,46860,18656
187,855818117272018944,27449,5747
188,855459453768019968,30950,8696
189,855245323840757760,0,6325
190,855138241867124737,0,49
191,854732716440526848,23642,6468
192,854482394044301312,30378,7305
193,854365224396361728,19589,4979
194,854120357044912130,33162,7965
195,854010172552949760,16795,3344
196,853760880890318849,29713,6161
197,853639147608842240,36285,10812
198,853299958564483072,16154,3801
199,852936405516943360,0,2162
200,852912242202992640,9414,1965
201,852672615818899456,15557,2296
202,852553447878664193,17074,3755
203,852311364735569921,34576,10583
204,852226086759018497,20885,7296
205,852189679701164033,11950,1689
206,851953902622658560,0,10328
207,851861385021730816,0,23
208,851591660324737024,16926,3710
209,851464819735769094,25365,7581
210,851224888060895234,21617,6143
211,850753642995093505,32508,9979
212,850380195714523136,13671,2800
213,850333567704068097,3579,356
214,850145622816686080,17110,4106
215,850019790995546112,21454,5266
216,849776966551130114,31954,8187
217,849668094696017920,0,5344
218,849412302885593088,16650,3378
219,849336543269576704,11998,2037
220,849051919805034497,44582,9193
221,848690551926992896,26484,4655
222,848324959059550208,26029,4959
223,848213670039564288,8592,806
224,848212111729840128,17187,3329
225,847978865427394560,0,3517
226,847971574464610304,0,464
227,847962785489326080,24734,5528
228,847842811428974592,5771,1454
229,847617282490613760,7383,454
230,847606175596138505,19745,3659
231,847251039262605312,21519,4634
232,847157206088847362,21060,6335
233,847116187444137987,22575,3449
234,846874817362120707,21175,4245
235,846514051647705089,47176,12565
236,846505985330044928,14946,3353
237,846153765933735936,33499,9816
238,846139713627017216,32564,10662
239,846042936437604353,16880,3124
240,845812042753855489,30958,9483
241,845677943972139009,26532,5188
242,845397057150107648,8053,1976
243,845306882940190720,24656,5851
244,845098359547420673,0,8330
245,844979544864018432,14428,2811
246,844973813909606400,15999,3491
247,844704788403113984,40979,11236
248,844580511645339650,17419,3411
249,844223788422217728,14412,2384
250,843981021012017153,15990,3176
251,843856843873095681,22657,5018
252,843604394117681152,17884,2983
253,843235543001513987,22766,6589
254,842846295480000512,16125,3901
255,842765311967449089,7151,1389
256,842535590457499648,19180,3807
257,842163532590374912,25965,6325
258,842115215311396866,14857,3291
259,841833993020538882,0,16803
260,841680585030541313,27203,8447
261,841439858740625411,13415,4010
262,841320156043304961,20956,5919
263,841314665196081154,16862,5137
264,841077006473256960,24327,5781
265,840761248237133825,0,1919
266,840728873075638272,0,17721
267,840698636975636481,192,3
268,840696689258311684,13082,1078
269,840632337062862849,9543,1919
270,840370681858686976,17493,4984
271,840268004936019968,20488,6262
272,839990271299457024,14282,2511
273,839549326359670784,29280,8499
274,839290600511926273,0,155
275,839239871831150596,28944,7176
276,838952994649550848,20883,4359
277,838921590096166913,11899,2273
278,838916489579200512,0,37
279,838831947270979586,0,12143
280,838561493054533637,11609,1454
281,838476387338051585,24087,5278
282,838201503651401729,0,11096
283,838150277551247360,1787,358
284,838085839343206401,148,0
285,838083903487373313,18785,3453
286,837820167694528512,36456,8642
287,837482249356513284,4093,485
288,837471256429613056,13652,2536
289,837366284874571778,22544,5807
290,837110210464448512,17085,2628
291,836989968035819520,13578,2516
292,836753516572119041,20517,5065
293,836677758902222849,13456,2438
294,836648853927522308,0,607
295,836397794269200385,0,30320
296,836380477523124226,15706,3231
297,836260088725786625,22681,4702
298,836001077879255040,20393,4724
299,835685285446955009,0,8999
300,835574547218894849,19003,3985
301,835536468978302976,0,1869
302,835309094223372289,0,23139
303,835297930240217089,17498,3286
304,835264098648616962,8292,1869
305,835246439529840640,2229,80
306,835172783151792128,27906,6320
307,835152434251116546,24007,3330
308,834931633769889797,11585,1813
309,834786237630337024,22560,6006
310,834574053763584002,14651,2791
311,834477809192075265,0,11746
312,834458053273591808,10276,1843
313,834209720923721728,22035,5285
314,834167344700198914,16838,3996
315,834089966724603904,10742,2347
316,834086379323871233,13953,2435
317,833863086058651648,14346,2654
318,833826103416520705,16404,3787
319,833732339549220864,0,240
320,833722901757046785,22096,3527
321,833479644947025920,15916,2280
322,833124694597443584,21612,5344
323,832998151111966721,14245,2445
324,832769181346996225,0,42
325,832757312314028032,17994,3993
326,832682457690300417,12717,3240
327,832645525019123713,3126,573
328,832636094638288896,16985,3084
329,832397543355072512,12797,2463
330,832369877331693569,18369,3517
331,832273440279240704,12106,2578
332,832215909146226688,0,6830
333,832215726631055365,0,10346
334,832088576586297345,72,2
335,832040443403784192,0,10743
336,832032802820481025,19145,5154
337,831939777352105988,25722,6790
338,831926988323639298,365,36
339,831911600680497154,29647,7209
340,831670449226514432,11193,2002
341,831650051525054464,7699,2162
342,831552930092285952,9667,2541
343,831322785565769729,9836,1684
344,831315979191906304,6976,1231
345,831309418084069378,12552,2691
346,831262627380748289,12782,2268
347,830956169170665475,8551,1663
348,830583320585068544,71786,18648
349,830173239259324417,0,6317
350,830097400375152640,10538,3340
351,829878982036299777,0,5558
352,829861396166877184,13146,2175
353,829501995190984704,34076,11746
354,829449946868879360,11238,2251
355,829374341691346946,37210,10328
356,829141528400556032,26344,8216
357,829011960981237760,56906,17988
358,828801551087042563,0,3771
359,828770345708580865,27453,6513
360,828708714936930305,39310,12433
361,828650029636317184,10214,1489
362,828409743546925057,6747,1272
363,828408677031882754,8203,1418
364,828381636999917570,13561,2459
365,828376505180889089,7940,1180
366,828372645993398273,13463,3247
367,828361771580813312,2355,189
368,828046555563323392,12650,3170
369,828011680017821696,11133,2374
370,827933404142436356,21669,5793
371,827653905312006145,16614,3328
372,827600520311402496,7977,1050
373,827324948884643840,17100,3400
374,827199976799354881,11382,2488
375,826958653328592898,23247,5558
376,826848821049180160,39308,11400
377,826615380357632002,0,4369
378,826598799820865537,5510,282
379,826598365270007810,10837,2604
380,826476773533745153,19821,4664
381,826240494070030336,14278,2876
382,826204788643753985,5246,1043
383,826115272272650244,16886,3477
384,825876512159186944,11277,2077
385,825829644528148480,13716,2764
386,825535076884762624,56065,19125
387,825147591692263424,19720,5092
388,825120256414846976,0,1432
389,825026590719483904,6857,1432
390,824796380199809024,0,6099
391,824775126675836928,16148,3928
392,824663926340194305,10851,1932
393,824325613288833024,12692,11560
394,824297048279236611,16206,4295
395,824025158776213504,5151,658
396,823939628516474880,11494,3014
397,823719002937630720,0,12535
398,823699002998870016,13563,2690
399,823581115634085888,14061,2949
400,823333489516937216,752,29
401,823322678127919110,16991,4487
402,823269594223824897,0,10985
403,822975315408461824,18690,3829
404,822872901745569793,143001,48962
405,822859134160621569,14258,2544
406,822647212903690241,0,7139
407,822610361945911296,15945,3299
408,822489057087389700,19601,7139
409,822462944365645825,30886,16459
410,822244816520155136,37884,10985
411,822163064745328640,0,5375
412,821886076407029760,12286,2613
413,821813639212650496,0,3729
414,821765923262631936,9115,1853
415,821522889702862852,8665,1966
416,821421320206483457,0,6239
417,821407182352777218,12744,4867
418,821153421864615936,276,10
419,821149554670182400,9449,2248
420,821107785811234820,10393,2377
421,821044531881721856,13669,2552
422,820837357901512704,0,7476
423,820749716845686786,34167,11096
424,820690176645140481,13208,3597
425,820494788566847489,0,633
426,820446719150292993,0,2881
427,820314633777061888,3607,633
428,820078625395449857,21417,7016
429,820013781606658049,0,1322
430,819952236453363712,5763,1322
431,819924195358416896,13934,5409
432,819711362133872643,14563,3502
433,819588359383371776,10357,2196
434,819347104292290561,7816,1341
435,819238181065359361,2484,452
436,819227688460238848,25027,7476
437,819015337530290176,0,40921
438,819015331746349057,0,21107
439,819006400881917954,48836,21107
440,819004803107983360,93482,40921
441,818646164899774465,0,23306
442,818627210458333184,24049,8325
443,818614493328580609,10683,2887
444,818588835076603904,0,6885
445,818536468981415936,11839,2772
446,818307523543449600,0,9083
447,818259473185828864,11939,2546
448,818145370475810820,13321,2901
449,817908911860748288,5238,882
450,817827839487737858,56238,30320
451,817777686764523521,11585,2978
452,817536400337801217,12794,3396
453,817502432452313088,0,3801
454,817423860136083457,37174,16803
455,817415592588222464,6100,1079
456,817181837579653120,0,9538
457,817171292965273600,9461,2250
458,817120970343411712,13173,2927
459,817056546584727552,9284,1848
460,816829038950027264,0,5293
461,816816676327063552,10834,2282
462,816697700272001025,10629,2459
463,816450570814898180,33167,9083
464,816336735214911488,9345,2189
465,816091915477250048,9685,2410
466,816062466425819140,0,1175
467,816014286006976512,0,5951
468,815990720817401858,5422,1175
469,815966073409433600,24396,9538
470,815745968457060357,0,4628
471,815736392542261248,10682,2539
472,815639385530101762,8925,1844
473,815390420867969024,11217,4257
474,814986499976527872,8292,1447
475,814638523311648768,12245,3035
476,814578408554463233,0,6527
477,814530161257443328,9417,2077
478,814153002265309185,31212,9746
479,813944609378369540,0,3613
480,813910438903693312,10086,2111
481,813812741911748608,39478,15723
482,813800681631023104,9069,1977
483,813217897535406080,20322,8171
484,813202720496779264,9974,2016
485,813187593374461952,21575,4900
486,813172488309972993,10146,2157
487,813157409116065792,8420,2483
488,813142292504645637,9134,2643
489,813130366689148928,4852,496
490,813127251579564032,12901,3513
491,813112105746448384,11231,3096
492,813096984823349248,11439,4054
493,813081950185472002,10730,3110
494,813066809284972545,8637,2180
495,813051746834595840,22774,8216
496,812781120811126785,8227,2139
497,812747805718642688,0,7795
498,812709060537683968,7204,1607
499,812503143955202048,6616,1375
500,812466873996607488,8701,2163
501,812372279581671427,14887,4118
502,811985624773361665,7906,1580
503,811744202451197953,8213,1812
504,811647686436880384,6062,832
505,811627233043480576,13941,3518
506,811386762094317568,22746,7186
507,810984652412424192,5812,1606
508,810896069567610880,9849,2007
509,810657578271330305,11926,2959
510,810284430598270976,38623,12848
511,810254108431155201,15972,3771
512,809920764300447744,16857,4369
513,809808892968534016,0,5516
514,809448704142938112,7537,1654
515,809220051211603969,21689,6317
516,809084759137812480,14382,3939
517,808838249661788160,10994,3415
518,808733504066486276,8601,2434
519,808501579447930884,12284,2914
520,808344865868283904,46256,23306
521,808134635716833280,0,6707
522,808106460588765185,9490,2453
523,808001312164028416,13689,3960
524,807621403335917568,15876,4137
525,807106840509214720,122698,60919
526,807059379405148160,0,8251
527,807010152071229440,14176,4285
528,806629075125202948,81906,39295
529,806620845233815552,0,6202
530,806576416489959424,5272,2167
531,806542213899489280,11122,2665
532,806242860592926720,0,13157
533,806219024703037440,6987,1348
534,805958939288408065,0,6039
535,805932879469572096,9001,2133
536,805826884734976000,7165,2061
537,805823200554876929,0,9069
538,805520635690676224,6241,1857
539,805487436403003392,9546,2844
540,805207613751304193,8475,1907
541,804738756058218496,14967,4329
542,804475857670639616,6708,2263
543,804413760345620481,0,3613
544,804026241225523202,48596,18234
545,803773340896923648,10959,3109
546,803692223237865472,0,8356
547,803638050916102144,11978,4666
548,803380650405482500,8448,2086
549,803321560782307329,0,6004
550,803276597545603072,10932,2777
551,802952499103731712,9828,2251
552,802624713319034886,0,3290
553,802600418706604034,7758,1648
554,802572683846291456,9748,2820
555,802323869084381190,17721,6576
556,802265048156610565,6908,1523
557,802239329049477120,9881,2927
558,802185808107208704,0,302
559,801958328846974976,8429,1922
560,801854953262350336,1917,262
561,801538201127157760,8934,2314
562,801285448605831168,6610,934
563,801167903437357056,26733,6707
564,801127390143516673,0,4475
565,801115127852503040,8801,2351
566,800859414831898624,753,108
567,800855607700029440,0,1834
568,800751577355128832,11440,3118
569,800513324630806528,14328,3386
570,800459316964663297,10300,2414
571,800443802682937345,0,4864
572,800388270626521089,12157,3148
573,800188575492947969,0,4431
574,800141422401830912,16684,2881
575,800018252395122689,30968,14834
576,799774291445383169,0,5277
577,799757965289017345,9169,2430
578,799422933579902976,8772,2148
579,799308762079035393,0,6234
580,799297110730567681,10817,3124
581,799063482566066176,8818,2765
582,798933969379225600,14365,5045
583,798925684722855936,8094,1614
584,798705661114773508,0,7458
585,798701998996647937,0,8803
586,798697898615730177,0,7327
587,798694562394996736,0,5597
588,798686750113755136,0,2611
589,798682547630837760,0,5328
590,798673117451325440,0,6246
591,798665375516884993,0,4374
592,798644042770751489,0,2083
593,798628517273620480,0,2211
594,798585098161549313,0,6431
595,798576900688019456,0,6637
596,798340744599797760,0,3786
597,798209839306514432,11313,2866
598,797971864723324932,12707,3532
599,797545162159308800,15838,5458
600,797236660651966464,21817,7457
601,797165961484890113,249,31
602,796904159865868288,0,10033
603,796865951799083009,8367,2136
604,796759840936919040,12946,3440
605,796563435802726400,0,8238
606,796484825502875648,8272,1980
607,796387464403357696,12029,4685
608,796177847564038144,0,16116
609,796149749086875649,35330,16116
610,796125600683540480,5402,2008
611,796116448414461957,9916,2723
612,796080075804475393,9223,2602
613,796031486298386433,11786,4155
614,795464331001561088,54393,26825
615,795400264262053889,11023,3227
616,795076730285391872,17718,6099
617,794983741416415232,0,3803
618,794926597468000259,11218,2606
619,794355576146903043,0,11586
620,794332329137291264,10434,2976
621,794205286408003585,10046,3736
622,793962221541933056,18386,5516
623,793845145112371200,10044,2112
624,793614319594401792,0,3524
625,793601777308463104,8699,1843
626,793500921481273345,11673,2684
627,793286476301799424,26881,10346
628,793271401113350145,9425,2655
629,793256262322548741,21795,9366
630,793241302385262592,11497,3696
631,793226087023144960,10730,3221
632,793210959003287553,9746,3166
633,793195938047070209,16671,6326
634,793180763617361921,7547,2234
635,793165685325201412,10255,3128
636,793150605191548928,6738,1923
637,793135492858580992,7043,2791
638,793120401413079041,13847,4384
639,792913359805018113,15663,4520
640,792883833364439040,12344,4804
641,792773781206999040,8020,1888
642,792394556390137856,14735,4821
643,792050063153438720,7837,2020
644,791821351946420224,0,23651
645,791784077045166082,0,10882
646,791780927877898241,0,4271
647,791774931465953280,49212,25000
648,791672322847637504,12821,3524
649,791406955684368384,14335,4628
650,791312159183634433,9591,2857
651,791026214425268224,0,4644
652,790987426131050500,10808,2404
653,790946055508652032,18124,5293
654,790723298204217344,0,2610
655,790698755171364864,8943,2142
656,790581949425475584,22572,8056
657,790337589677002753,8534,2099
658,790277117346975746,13702,3613
659,790227638568808452,0,4026
660,789986466051088384,10107,2610
661,789960241177853952,0,4674
662,789903600034189313,11356,4652
663,789628658055020548,8217,1997
664,789599242079838210,7397,2175
665,789530877013393408,12841,3803
666,789314372632018944,9399,2593
667,789280767834746880,0,5577
668,789268448748703744,9949,2912
669,789137962068021249,10591,3137
670,788908386943430656,29879,13947
671,788765914992902144,29943,11586
672,788552643979468800,0,8131
673,788412144018661376,17003,5960
674,788178268662984705,7892,2385
675,788150585577050112,6712,1461
676,788070120937619456,0,3833
677,788039637453406209,6703,1491
678,787810552592695296,9470,3429
679,787717603741622272,11131,3125
680,787397959788929025,11815,3184
681,787322443945877504,8506,1959
682,787111942498508800,0,7535
683,786963064373534720,28972,8999
684,786729988674449408,0,2726
685,786709082849828864,19836,6830
686,786664955043049472,11641,2884
687,786595970293370880,10255,3488
688,786363235746385920,11895,3939
689,786286427768250368,8697,3220
690,786233965241827333,16709,5375
691,786051337297522688,1567,174
692,786036967502913536,0,7935
693,785927819176054784,12390,3542
694,785872687017132033,7287,2053
695,785639753186217984,8518,2485
696,785533386513321988,9940,2262
697,785515384317313025,6651,1421
698,785264754247995392,7915,1845
699,785170936622350336,13187,5462
700,784826020293709826,11057,3613
701,784517518371221505,9777,2849
702,784431430411685888,6201,1437
703,784183165795655680,21925,9069
704,784057939640352768,32582,12535
705,783839966405230592,32761,12143
706,783821107061198850,8016,2207
707,783695101801398276,11367,3611
708,783466772167098368,9214,2529
709,783391753726550016,18398,6196
710,783347506784731136,0,6304
711,783334639985389568,31827,13157
712,783085703974514689,8856,2488
713,782969140009107456,26283,8251
714,782747134529531904,8125,1565
715,782722598790725632,18782,6039
716,782598640137187329,8477,2105
717,782305867769217024,18135,6239
718,782021823840026624,0,6995
719,781955203444699136,12075,3770
720,781661882474196992,11371,3039
721,781655249211752448,4358,1254
722,781524693396357120,22572,6202
723,781308096455073793,7762,2860
724,781251288990355457,9183,2357
725,781163403222056960,10627,3051
726,780931614150983680,23543,8238
727,780858289093574656,7815,2234
728,780800785462489090,6001,1456
729,780601303617732608,13152,3729
730,780543529827336192,6849,1947
731,780496263422808064,0,4164
732,780476555013349377,0,132
733,780459368902959104,5748,1191
734,780192070812196864,9473,2511
735,780092040432480260,0,2577
736,780074436359819264,13330,5597
737,779834332596887552,20693,7935
738,779377524342161408,9599,3487
739,779124354206535695,0,20601
740,779123168116150273,12833,4080
741,779056095788752897,16084,5073
742,778990705243029504,21775,8160
743,778774459159379968,0,11155
744,778764940568104960,933,409
745,778748913645780993,7496,1495
746,778650543019483137,6275,1676
747,778624900596654080,5053,1133
748,778408200802557953,14813,4872
749,778396591732486144,0,13706
750,778383385161035776,6352,1228
751,778286810187399168,11272,3701
752,778039087836069888,9193,2956
753,778027034220126208,7125,1817
754,777953400541634568,0,3939
755,777885040357281792,6899,1837
756,777684233540206592,12197,3290
757,777641927919427584,0,4766
758,777621514455814149,9513,2790
759,777189768882946048,15540,4832
760,776819012571455488,0,15329
761,776813020089548800,5304,1351
762,776477788987613185,9624,3139
763,776249906839351296,0,10250
764,776218204058357768,32574,17843
765,776201521193218049,10417,2814
766,776113305656188928,12744,4864
767,776088319444877312,1992,171
768,775898661951791106,0,17289
769,775842724423557120,12722,2998
770,775733305207554048,15020,4475
771,775729183532220416,14017,5114
772,775364825476165632,8064,3338
773,775350846108426240,11015,4376
774,775085132600442880,16870,5277
775,774757898236878852,9250,1971
776,774639387460112384,7279,1944
777,774314403806253056,23607,6234
778,773985732834758656,11653,4340
779,773922284943896577,6931,1928
780,773704687002451968,7146,1829
781,773670353721753600,5769,1445
782,773547596996571136,23911,6885
783,773336787167145985,0,5692
784,773308824254029826,25168,8330
785,773247561583001600,10173,3576
786,773191612633579521,10824,4585
787,772877495989305348,9307,4331
788,772826264096874500,8648,2592
789,772615324260794368,0,3754
790,772581559778025472,7017,1889
791,772193107915964416,6514,1545
792,772152991789019136,4091,1255
793,772117678702071809,4060,815
794,772114945936949249,2935,525
795,772102971039580160,4341,1031
796,771908950375665664,7113,2113
797,771770456517009408,13016,3786
798,771500966810099713,8953,2915
799,771380798096281600,11408,5692
800,771171053431250945,0,8414
801,771136648247640064,9961,3252
802,771102124360998913,6732,1601
803,771014301343748096,7445,1839
804,771004394259247104,0,246
805,770787852854652928,5368,1366
806,770772759874076672,5618,1573
807,770743923962707968,0,50717
808,770655142660169732,7934,1942
809,770414278348247044,6806,2295
810,770293558247038976,6751,1657
811,770093767776997377,0,3386
812,770069151037685760,8201,2563
813,769940425801170949,34066,10743
814,769695466921623552,6925,1853
815,769335591808995329,0,8546
816,769212283578875904,5842,1911
817,768970937022709760,15599,7279
818,768909767477751808,0,3010
819,768855141948723200,4546,993
820,768609597686943744,4459,1343
821,768596291618299904,5441,1416
822,768554158521745409,0,6480
823,768473857036525572,14716,3813
824,768193404517830656,11813,3939
825,767884188863397888,5141,1564
826,767754930266464257,17347,6004
827,767500508068192258,8082,2592
828,767191397493538821,13288,4251
829,767122157629476866,10931,3169
830,766864461642756096,0,6297
831,766793450729734144,5497,1515
832,766714921925144576,2804,427
833,766693177336135680,4362,877
834,766423258543644672,6514,1768
835,766313316352462849,7330,2097
836,766078092750233600,0,2880
837,766069199026450432,4629,968
838,766008592277377025,4042,551
839,765719909049503744,7815,2392
840,765669560888528897,5608,1356
841,765395769549590528,28471,3763
842,765371061932261376,7654,2387
843,765222098633691136,12566,3754
844,764857477905154048,6931,1961
845,764259802650378240,6546,1691
846,763956972077010945,795,59
847,763837565564780549,13648,4644
848,763183847194451968,5854,1647
849,763167063695355904,0,3357
850,763103485927849985,7953,2523
851,762699858130116608,13176,4026
852,762471784394268675,12200,7237
853,762464539388485633,11193,4674
854,762316489655476224,5214,1250
855,762035686371364864,34549,17329
856,761976711479193600,5836,2235
857,761750502866649088,0,4383
858,761745352076779520,4601,949
859,761672994376806400,53496,32238
860,761599872357261312,4460,1302
861,761371037149827077,0,19865
862,761334018830917632,5632,1606
863,761292947749015552,4829,1222
864,761227390836215808,5753,1715
865,761004547850530816,12172,3833
866,760893934457552897,4122,1074
867,760656994973933572,7127,2128
868,760641137271070720,5350,1433
869,760539183865880579,8186,4020
870,760521673607086080,4567,1548
871,760290219849637889,28908,12718
872,760252756032651264,4249,956
873,760190180481531904,6153,2008
874,760153949710192640,0,37
875,759943073749200896,6410,2316
876,759923798737051648,15854,6297
877,759846353224826880,7249,2200
878,759793422261743616,6437,2117
879,759566828574212096,0,23463
880,759557299618865152,5078,1302
881,759447681597108224,9183,2726
882,759446261539934208,1805,544
883,759197388317847553,6541,2150
884,759159934323924993,0,1301
885,759099523532779520,15676,4644
886,759047813560868866,7029,2234
887,758854675097526272,3827,989
888,758828659922702336,12053,4237
889,758740312047005698,6167,1768
890,758474966123810816,4121,1095
891,758467244762497024,5178,2464
892,758405701903519748,5607,2125
893,758355060040593408,3700,1198
894,758099635764359168,20734,11154
895,758041019896193024,2929,414
896,757741869644341248,7427,3593
897,757729163776290825,0,8979
898,757725642876129280,4887,1348
899,757611664640446465,4903,1235
900,757597904299253760,0,322
901,757596066325864448,4689,1172
902,757400162377592832,16353,7553
903,757393109802180609,6294,1928
904,757354760399941633,4872,1574
905,756998049151549440,6751,2199
906,756939218950160384,7165,2218
907,756651752796094464,5475,1462
908,756526248105566208,11231,4001
909,756303284449767430,4260,1196
910,756288534030475264,45900,19337
911,756275833623502848,6945,1697
912,755955933503782912,7909,3189
913,755206590534418437,17737,5948
914,755110668769038337,22871,12249
915,754874841593970688,0,8870
916,754856583969079297,7405,2782
917,754747087846248448,2777,576
918,754482103782404096,5711,2147
919,754449512966619136,4040,814
920,754120377874386944,8439,2578
921,754011816964026368,9483,3976
922,753655901052166144,6305,2412
923,753420520834629632,8528,3943
924,753398408988139520,6235,2115
925,753375668877008896,8201,2577
926,753298634498793472,0,6387
927,753294487569522689,3673,1152
928,753039830821511168,39995,23139
929,753026973505581056,4193,1076
930,752932432744185856,13615,7535
931,752917284578922496,7408,1734
932,752701944171524096,0,3186
933,752682090207055872,6474,1781
934,752660715232722944,4751,1742
935,752568224206688256,5982,2524
936,752519690950500352,7942,3790
937,752334515931054080,4112,1218
938,752309394570878976,0,18413
939,752173152931807232,6410,2039
940,751950017322246144,3317,1026
941,751937170840121344,5620,1483
942,751830394383790080,6254,2161
943,751793661361422336,6317,3228
944,751598357617971201,8501,3341
945,751583847268179968,4750,1232
946,751538714308972544,5421,1399
947,751456908746354688,3448,1096
948,751251247299190784,13465,6482
949,751205363882532864,6784,2018
950,751132876104687617,5473,1439
951,750868782890057730,5157,1536
952,750719632563142656,14223,5577
953,750506206503038976,4800,1268
954,750429297815552001,14183,4766
955,750383411068534784,4878,1255
956,750381685133418496,738,35
957,750147208377409536,3328,1067
958,750132105863102464,3905,1397
959,750117059602808832,4637,1431
960,750101899009982464,3274,929
961,750086836815486976,2336,600
962,750071704093859840,8433,3684
963,750056684286914561,3367,979
964,750041628174217216,3416,684
965,750026558547456000,2917,870
966,750011400160841729,3484,1004
967,749996283729883136,3250,888
968,749981277374128128,5502,2703
969,749774190421639168,4995,1444
970,749417653287129088,6554,1840
971,749403093750648834,2820,602
972,749395845976588288,9251,3817
973,749317047558017024,5900,2441
974,749075273010798592,6193,2285
975,749064354620928000,5147,1669
976,749036806121881602,3328,860
977,748977405889503236,11542,3756
978,748932637671223296,6287,2479
979,748705597323898880,2972,1040
980,748699167502000129,5091,1763
981,748692773788876800,4550,1464
982,748575535303884801,6519,2195
983,748568946752774144,2337,737
984,748346686624440324,5609,1364
985,748337862848962560,8260,4543
986,748324050481647620,3983,844
987,748307329658011649,3943,788
988,748220828303695873,15163,8574
989,747963614829678593,6236,2374
990,747933425676525569,7116,2807
991,747885874273214464,3166,1092
992,747844099428986880,3013,822
993,747816857231626240,5214,1283
994,747651430853525504,1481,173
995,747648653817413632,13833,6425
996,747600769478692864,2491,601
997,747594051852075008,3953,1160
998,747512671126323200,5958,1741
999,747461612269887489,4147,1139
1000,747439450712596480,5833,2123
1001,747242308580548608,0,3169
1002,747219827526344708,5665,1737
1003,747204161125646336,3627,1007
1004,747103485104099331,10281,4401
1005,746906459439529985,3091,328
1006,746872823977771008,6418,2362
1007,746818907684614144,5671,1888
1008,746790600704425984,5209,1750
1009,746757706116112384,10242,4271
1010,746726898085036033,6475,1966
1011,746542875601690625,5394,2050
1012,746521445350707200,0,1079
1013,746507379341139972,4966,1183
1014,746369468511756288,6476,1808
1015,746131877086527488,7382,2414
1016,746056683365994496,3795,902
1017,745789745784041472,4328,1169
1018,745712589599014916,7472,2547
1019,745433870967832576,7602,2787
1020,745422732645535745,9185,2682
1021,745314880350101504,7671,3046
1022,745074613265149952,8374,3858
1023,745057283344719872,7738,2506
1024,744995568523612160,3196,692
1025,744971049620602880,8416,2953
1026,744709971296780288,5988,1701
1027,744334592493166593,7230,2350
1028,744234799360020481,127895,77132
1029,744223424764059648,1819,409
1030,743980027717509120,4433,1195
1031,743895849529389061,3901,1048
1032,743835915802583040,0,2295
1033,743609206067040256,4793,1508
1034,743595368194129920,19731,7198
1035,743545585370791937,3762,1028
1036,743510151680958465,8451,4046
1037,743253157753532416,4515,1327
1038,743222593470234624,6621,2090
1039,743210557239623680,4101,1497
1040,742534281772302336,7528,3882
1041,742528092657332225,4747,2177
1042,742465774154047488,7750,4243
1043,742423170473463808,10528,4164
1044,742385895052087300,7260,2171
1045,742161199639494656,4635,1506
1046,742150209887731712,5501,1709
1047,741793263812808706,4858,1652
1048,741743634094141440,8734,3023
1049,741438259667034112,3919,914
1050,741303864243200000,9373,3535
1051,741099773336379392,10719,6049
1052,741067306818797568,10074,3386
1053,740995100998766593,6844,3024
1054,740711788199743490,3642,1020
1055,740699697422163968,3030,852
1056,740676976021798912,19373,7458
1057,740373189193256964,37082,14576
1058,740365076218183684,2651,479
1059,740359016048689152,3519,934
1060,740214038584557568,7143,2152
1061,739979191639244800,21301,6480
1062,739932936087216128,4326,1179
1063,739844404073074688,4038,931
1064,739623569819336705,4069,1494
1065,739606147276148736,5742,1809
1066,739544079319588864,42466,23463
1067,739485634323156992,7694,3217
1068,739238157791694849,73144,50718
1069,738891149612572673,115,6
1070,738885046782832640,4021,1244
1071,738883359779196928,3567,888
1072,738537504001953792,5435,1708
1073,738402415918125056,3494,932
1074,738184450748633089,4610,1323
1075,738166403467907072,9378,3732
1076,738156290900254721,2702,721
1077,737826014890496000,5619,1931
1078,737800304142471168,10656,3778
1079,737678689543020544,5386,1461
1080,737445876994609152,11010,4872
1081,737322739594330112,3851,881
1082,737310737551491075,15656,8089
1083,736736130620620800,4610,1900
1084,736392552031657984,18943,8131
1085,736365877722001409,4264,1363
1086,736225175608430592,8674,3016
1087,736010884653420544,8437,3246
1088,735991953473572864,3836,1255
1089,735648611367784448,4286,1196
1090,735635087207878657,6607,2582
1091,735274964362878976,13864,5543
1092,735256018284875776,3580,965
1093,735137028879360001,3339,1054
1094,734912297295085568,2916,562
1095,734787690684657664,13391,6869
1096,734776360183431168,2669,588
1097,734559631394082816,1596,430
1098,733828123016450049,3831,849
1099,733822306246479872,3916,1102
1100,733482008106668032,3352,1036
1101,733460102733135873,4481,1400
1102,733109485275860992,45273,17290
1103,732732193018155009,2597,583
1104,732726085725589504,3759,963
1105,732585889486888962,3927,843
1106,732375214819057664,8603,2742
1107,732005617171337216,15891,5951
1108,731285275100512256,3715,1073
1109,731156023742988288,4088,1388
1110,730924654643314689,6519,2161
1111,730573383004487680,5247,2351
1112,730427201120833536,3696,1131
1113,730211855403241472,4077,1148
1114,730196704625098752,5201,2102
1115,729854734790754305,4287,1218
1116,729838605770891264,1813,418
1117,729823566028484608,4250,1348
1118,729463711119904772,6181,2505
1119,729113531270991872,2006,359
1120,728986383096946689,3377,889
1121,728760639972315136,4969,1846
1122,728751179681943552,2974,739
1123,728653952833728512,3530,1138
1124,728409960103686147,5246,2192
1125,728387165835677696,3913,1041
1126,728046963732717569,4582,1278
1127,728035342121635841,4829,1825
1128,728015554473250816,4359,1193
1129,727685679342333952,3122,692
1130,727644517743104000,6280,1906
1131,727524757080539137,4762,1335
1132,727314416056803329,3529,814
1133,727286334147182592,3232,892
1134,727175381690781696,4113,1491
1135,727155742655025152,3872,1441
1136,726935089318363137,7319,2662
1137,726887082820554753,4084,1638
1138,726828223124897792,3778,1097
1139,726224900189511680,4698,1263
1140,725842289046749185,7496,2880
1141,725786712245440512,4425,1480
1142,725729321944506368,5513,1939
1143,725458796924002305,1500,676
1144,724983749226668032,3944,1423
1145,724771698126512129,2515,695
1146,724405726123311104,5640,1793
1147,724049859469295616,4606,1921
1148,724046343203856385,2833,606
1149,724004602748780546,4450,1727
1150,723912936180330496,4131,1330
1151,723688335806480385,8203,3239
1152,723673163800948736,3219,970
1153,723179728551723008,5638,2045
1154,722974582966214656,4373,1711
1155,722613351520608256,5267,1783
1156,721503162398597120,4957,2044
1157,721001180231503872,2682,665
1158,720785406564900865,3314,841
1159,720775346191278080,2637,742
1160,720415127506415616,4384,1621
1161,720389942216527872,6818,2746
1162,720340705894408192,3052,1057
1163,720059472081784833,4140,1231
1164,720043174954147842,5211,2179
1165,719991154352222208,5138,1907
1166,719704490224398336,4854,1582
1167,719551379208073216,5383,2107
1168,719367763014393856,2969,801
1169,719339463458033665,4685,1356
1170,719332531645071360,3626,1038
1171,718971898235854848,3704,1198
1172,718939241951195136,5569,1912
1173,718631497683582976,20126,8803
1174,718613305783398402,2602,525
1175,718540630683709445,2646,1098
1176,718460005985447936,2875,577
1177,718454725339934721,5187,1635
1178,718246886998687744,2048,545
1179,718234618122661888,4115,1086
1180,717841801130979328,2604,648
1181,717790033953034240,3080,1222
1182,717537687239008257,6123,2001
1183,717428917016076293,1702,495
1184,717421804990701568,3353,919
1185,717047459982213120,6654,2069
1186,717009362452090881,3479,1064
1187,716802964044845056,4534,1273
1188,716791146589110272,5872,1512
1189,716730379797970944,1307,460
1190,716447146686459905,13948,6402
1191,716439118184652801,2508,238
1192,716285507865542656,2955,1185
1193,716080869887381504,5196,1894
1194,715928423106027520,3397,954
1195,715758151270801409,3969,1548
1196,715733265223708672,4965,1843
1197,715704790270025728,2975,611
1198,715696743237730304,4156,1405
1199,715680795826982913,4599,1764
1200,715360349751484417,5812,1710
1201,715342466308784130,3214,743
1202,715220193576927233,2565,712
1203,715200624753819648,5445,2048
1204,715009755312439296,4433,1344
1205,714982300363173890,3995,1125
1206,714962719905021952,7827,4650
1207,714957620017307648,4397,1544
1208,714631576617938945,3477,1087
1209,714606013974974464,3845,1013
1210,714485234495041536,2883,1266
1211,714258258790387713,3199,778
1212,714251586676113411,3473,915
1213,714214115368108032,2410,953
1214,714141408463036416,4569,1521
1215,713919462244790272,3480,846
1216,713909862279876608,2031,595
1217,713900603437621249,3002,810
1218,713761197720473600,5186,1493
1219,713411074226274305,4693,1403
1220,713177543487135744,7657,3086
1221,713175907180089344,4747,1574
1222,712809025985978368,19782,7327
1223,712717840512598017,13153,5438
1224,712668654853337088,4427,1322
1225,712438159032893441,5660,1699
1226,712309440758808576,260,25
1227,712097430750289920,4037,1130
1228,712092745624633345,3126,978
1229,712085617388212225,3441,528
1230,712065007010385924,2410,681
1231,711998809858043904,0,137
1232,711968124745228288,8563,2516
1233,711743778164514816,3017,1072
1234,711732680602345472,9480,4494
1235,711694788429553666,34932,19865
1236,711652651650457602,4117,998
1237,711363825979756544,3889,1237
1238,711306686208872448,3521,795
1239,711008018775851008,3189,682
1240,710997087345876993,4845,1511
1241,710844581445812225,2710,747
1242,710833117892898816,2865,586
1243,710658690886586372,2457,615
1244,710609963652087808,5106,2556
1245,710588934686908417,4856,2045
1246,710296729921429505,2520,800
1247,710283270106132480,2265,560
1248,710272297844797440,4816,1375
1249,710269109699739648,2558,1224
1250,710153181850935296,3095,971
1251,710140971284037632,2948,976
1252,710117014656950272,5849,2167
1253,709918798883774466,3175,1166
1254,709901256215666688,713,108
1255,709852847387627521,3729,1297
1256,709566166965075968,3761,1317
1257,709556954897764353,3492,1161
1258,709519240576036864,1582,262
1259,709449600415961088,2366,645
1260,709409458133323776,2791,759
1261,709225125749587968,2547,627
1262,709207347839836162,13420,6357
1263,709198395643068416,2566,697
1264,709179584944730112,2144,735
1265,709158332880297985,2182,453
1266,709042156699303936,5073,1790
1267,708853462201716736,1909,715
1268,708845821941387268,3163,977
1269,708834316713893888,1815,548
1270,708810915978854401,17579,7587
1271,708738143638450176,2918,886
1272,708711088997666817,2721,793
1273,708479650088034305,2713,739
1274,708469915515297792,3277,892
1275,708400866336894977,17043,11012
1276,708356463048204288,3846,1465
1277,708349470027751425,2508,803
1278,708149363256774660,4549,1680
1279,708130923141795840,3609,914
1280,708119489313951744,2863,1066
1281,708109389455101952,2062,588
1282,708026248782585858,4646,2095
1283,707995814724026368,3312,1220
1284,707983188426153984,51,2
1285,707969809498152960,2871,1055
1286,707776935007539200,3496,1031
1287,707741517457260545,2649,664
1288,707738799544082433,4361,2692
1289,707693576495472641,3649,1092
1290,707629649552134146,2755,956
1291,707610948723478529,18073,6995
1292,707420581654872064,2434,758
1293,707411934438625280,2425,652
1294,707387676719185920,3736,1424
1295,707377100785885184,3508,1174
1296,707315916783140866,2632,701
1297,707297311098011648,2941,872
1298,707059547140169728,2745,739
1299,707038192327901184,2343,873
1300,707021089608753152,4331,1495
1301,707014260413456384,2454,648
1302,706904523814649856,15535,8546
1303,706901761596989440,2212,657
1304,706681918348251136,3540,1055
1305,706644897839910912,2744,1193
1306,706593038911545345,2299,686
1307,706538006853918722,3689,1537
1308,706516534877929472,3304,1126
1309,706346369204748288,3676,1001
1310,706310011488698368,22879,8723
1311,706291001778950144,1814,511
1312,706265994973601792,2905,1000
1313,706169069255446529,4172,2427
1314,706166467411222528,5496,1759
1315,706153300320784384,1596,420
1316,705975130514706432,3309,805
1317,705970349788291072,3354,972
1318,705898680587526145,2532,616
1319,705786532653883392,2079,578
1320,705591895322394625,3384,1259
1321,705475953783398401,3160,1006
1322,705442520700944385,4751,1799
1323,705428427625635840,4076,1850
1324,705239209544720384,3201,818
1325,705223444686888960,2757,880
1326,705102439679201280,2297,562
1327,705066031337840642,2320,659
1328,704871453724954624,4549,1216
1329,704859558691414016,2406,597
1330,704847917308362754,5454,1679
1331,704819833553219584,2827,1098
1332,704761120771465216,7087,3169
1333,704499785726889984,3141,1088
1334,704491224099647488,817,92
1335,704480331685040129,3633,1154
1336,704364645503647744,8587,3877
1337,704347321748819968,1691,386
1338,704134088924532736,1615,509
1339,704113298707505153,1986,614
1340,704054845121142784,3122,1000
1341,703774238772166656,1970,509
1342,703769065844768768,3517,1238
1343,703631701117943808,2777,751
1344,703611486317502464,4127,1659
1345,703425003149250560,4060,1508
1346,703407252292673536,2632,761
1347,703382836347330562,3747,1247
1348,703356393781329922,2034,422
1349,703268521220972544,2104,607
1350,703079050210877440,7881,3376
1351,703041949650034688,28207,13706
1352,702932127499816960,2764,789
1353,702899151802126337,1728,491
1354,702684942141153280,3424,1176
1355,702671118226825216,2339,612
1356,702598099714314240,11046,3583
1357,702539513671897089,3067,1049
1358,702332542343577600,3416,1694
1359,702321140488925184,3503,1129
1360,702276748847800320,2644,833
1361,702217446468493312,5134,1462
1362,701981390485725185,3676,1077
1363,701952816642965504,4071,1110
1364,701889187134500865,3808,1504
1365,701805642395348998,3663,1847
1366,701601587219795968,2232,501
1367,701570477911896070,3004,1021
1368,701545186879471618,2830,663
1369,701214700881756160,13073,5597
1370,700890391244103680,2372,628
1371,700864154249383937,2769,667
1372,700847567345688576,2600,544
1373,700796979434098688,2598,1045
1374,700747788515020802,24424,10250
1375,700518061187723268,2814,874
1376,700505138482569216,2435,624
1377,700462010979500032,4433,1969
1378,700167517596164096,2833,813
1379,700151421916807169,2395,723
1380,700143752053182464,8054,3010
1381,700062718104104960,2819,756
1382,700029284593901568,2206,634
1383,700002074055016451,3533,1468
1384,699801817392291840,3251,1051
1385,699788877217865730,2400,541
1386,699779630832685056,2960,1348
1387,699775878809702401,2095,665
1388,699691744225525762,10951,5009
1389,699446877801091073,6342,2853
1390,699434518667751424,2320,557
1391,699423671849451520,1465,362
1392,699413908797464576,2199,675
1393,699370870310113280,2006,478
1394,699323444782047232,3374,944
1395,699088579889332224,2384,687
1396,699079609774645248,2610,715
1397,699072405256409088,3202,1292
1398,699060279947165696,4035,1983
1399,699036661657767936,2789,1301
1400,698989035503689728,3614,1077
1401,698953797952008193,2892,981
1402,698907974262222848,2713,678
1403,698710712454139905,2644,751
1404,698703483621523456,1552,413
1405,698635131305795584,1373,373
1406,698549713696649216,2475,674
1407,698355670425473025,1999,492
1408,698342080612007937,2427,1040
1409,698262614669991936,5073,2193
1410,698195409219559425,17925,6527
1411,698178924120031232,2999,802
1412,697995514407682048,1628,363
1413,697990423684476929,3512,1409
1414,697943111201378304,2568,753
1415,697881462549430272,3229,1294
1416,697630435728322560,1863,589
1417,697616773278015490,3362,1100
1418,697596423848730625,3238,1375
1419,697575480820686848,2180,551
1420,697516214579523584,2219,1238
1421,697482927769255936,2590,739
1422,697463031882764288,3647,1506
1423,697270446429966336,4985,2029
1424,697259378236399616,3514,1086
1425,697255105972801536,3226,1267
1426,697242256848379904,2694,730
1427,696900204696625153,3411,1120
1428,696894894812565505,2511,736
1429,696886256886657024,5167,1954
1430,696877980375769088,2610,779
1431,696754882863349760,1574,388
1432,696744641916489729,2221,1029
1433,696713835009417216,2538,710
1434,696518437233913856,4163,1847
1435,696490539101908992,1307,162
1436,696488710901260288,2714,1131
1437,696405997980676096,3429,1243
1438,696100768806522880,2070,724
1439,695816827381944320,3204,1279
1440,695794761660297217,3402,849
1441,695767669421768709,2001,815
1442,695629776980148225,4884,2301
1443,695446424020918272,4653,1977
1444,695409464418041856,9204,3897
1445,695314793360662529,3895,1609
1446,695095422348574720,2813,673
1447,695074328191332352,3034,1205
1448,695064344191721472,1716,656
1449,695051054296211456,2845,860
1450,694925794720792577,2885,1002
1451,694905863685980160,2959,1022
1452,694669722378485760,38102,15778
1453,694356675654983680,1610,316
1454,694352839993344000,2174,678
1455,694342028726001664,1685,531
1456,694329668942569472,2145,545
1457,694206574471057408,4476,2226
1458,694183373896572928,3142,1014
1459,694001791655137281,3617,1131
1460,693993230313091072,2001,442
1461,693942351086120961,1847,404
1462,693647888581312512,2880,646
1463,693644216740769793,1432,142
1464,693642232151285760,2719,454
1465,693629975228977152,2618,875
1466,693622659251335168,1647,404
1467,693590843962331137,5415,2145
1468,693582294167244802,1758,279
1469,693486665285931008,1893,684
1470,693280720173801472,3591,1360
1471,693267061318012928,2548,898
1472,693262851218264065,2384,549
1473,693231807727280129,3061,801
1474,693155686491000832,8431,3502
1475,693109034023534592,1834,671
1476,693095443459342336,2000,505
1477,692919143163629568,2852,813
1478,692905862751522816,2600,961
1479,692901601640583168,1914,661
1480,692894228850999298,2432,883
1481,692828166163931137,3073,962
1482,692752401762250755,7300,3967
1483,692568918515392513,4641,1679
1484,692535307825213440,3412,1483
1485,692530551048294401,1972,457
1486,692423280028966913,1576,253
1487,692417313023332352,9995,3801
1488,692187005137076224,2697,896
1489,692158366030913536,2298,872
1490,692142790915014657,1754,429
1491,692041934689402880,3636,1391
1492,692017291282812928,3062,1047
1493,691820333922455552,4212,1802
1494,691793053716221953,8678,4591
1495,691756958957883396,3087,1121
1496,691675652215414786,2075,558
1497,691483041324204033,2531,624
1498,691459709405118465,4338,1252
1499,691444869282295808,2834,929
1500,691416866452082688,20677,8356
1501,691321916024623104,2758,721
1502,691096613310316544,3167,977
1503,691090071332753408,1821,371
1504,690989312272396288,6319,3146
1505,690959652130045952,3817,1376
1506,690938899477221376,4421,2181
1507,690932576555528194,3514,1116
1508,690735892932222976,4031,1399
1509,690728923253055490,2315,569
1510,690690673629138944,2485,865
1511,690649993829576704,1396,307
1512,690607260360429569,309,19
1513,690597161306841088,2098,657
1514,690400367696297985,1994,493
1515,690374419777196032,3477,945
1516,690360449368465409,2838,973
1517,690348396616552449,1603,558
1518,690248561355657216,1802,452
1519,690021994562220032,2985,1132
1520,690015576308211712,2681,807
1521,690005060500217858,3911,1850
1522,689999384604450816,1524,411
1523,689993469801164801,1568,502
1524,689977555533848577,1456,487
1525,689905486972461056,2592,759
1526,689877686181715968,3223,1300
1527,689835978131935233,2311,822
1528,689661964914655233,3416,1012
1529,689659372465688576,11102,4262
1530,689623661272240129,2392,715
1531,689599056876867584,12434,6041
1532,689557536375177216,2197,507
1533,689517482558820352,3623,1566
1534,689289219123089408,2405,1012
1535,689283819090870273,3513,1208
1536,689280876073582592,2136,788
1537,689275259254616065,1237,268
1538,689255633275777024,2736,1175
1539,689154315265683456,3266,1100
1540,689143371370250240,2168,565
1541,688916208532455424,2916,954
1542,688908934925697024,2262,846
1543,688898160958271489,2246,862
1544,688894073864884227,2382,767
1545,688828561667567616,1472,405
1546,688804835492233216,1023,215
1547,688789766343622656,2364,728
1548,688547210804498433,2785,769
1549,688519176466644993,2465,798
1550,688385280030670848,9947,4868
1551,688211956440801280,2376,916
1552,688179443353796608,2260,645
1553,688116655151435777,3014,858
1554,688064179421470721,1831,393
1555,687841446767013888,5856,2775
1556,687826841265172480,2919,1247
1557,687818504314159109,2678,1043
1558,687807801670897665,2553,765
1559,687732144991551489,1884,720
1560,687704180304273409,2606,925
1561,687664829264453632,2076,563
1562,687494652870668288,2052,629
1563,687480748861947905,1710,272
1564,687476254459715584,2114,591
1565,687460506001633280,2182,591
1566,687399393394311168,2028,686
1567,687317306314240000,21505,10033
1568,687312378585812992,4649,2086
1569,687127927494963200,5834,2512
1570,687124485711986689,2316,557
1571,687109925361856513,6202,2708
1572,687102708889812993,2497,1088
1573,687096057537363968,2399,669
1574,686947101016735744,9207,3476
1575,686760001961103360,3758,1506
1576,686749460672679938,3715,1601
1577,686730991906516992,4444,1311
1578,686683045143953408,3000,882
1579,686618349602762752,3930,1489
1580,686606069955735556,2016,592
1581,686394059078897668,1879,750
1582,686386521809772549,3476,970
1583,686377065986265092,2368,618
1584,686358356425093120,2348,750
1585,686286779679375361,4274,1825
1586,686050296934563840,2358,809
1587,686035780142297088,1234,133
1588,686034024800862208,3330,1283
1589,686007916130873345,2637,459
1590,686003207160610816,1944,702
1591,685973236358713344,2259,588
1592,685943807276412928,1750,672
1593,685906723014619143,8056,3192
1594,685681090388975616,2168,138
1595,685667379192414208,2497,631
1596,685663452032069632,3469,1603
1597,685641971164143616,3132,851
1598,685547936038666240,35260,17174
1599,685532292383666176,3254,1264
1600,685325112850124800,10150,4383
1601,685321586178670592,2831,709
1602,685315239903100929,3575,1181
1603,685307451701334016,2210,482
1604,685268753634967552,3321,1329
1605,685198997565345792,2483,735
1606,685169283572338688,4378,1563
1607,684969860808454144,2452,421
1608,684959798585110529,7129,3429
1609,684940049151070208,3442,1149
1610,684926975086034944,3753,519
1611,684914660081053696,3739,1603
1612,684902183876321280,2004,584
1613,684880619965411328,2246,906
1614,684830982659280897,37546,23651
1615,684800227459624960,2898,1088
1616,684594889858887680,9558,3874
1617,684588130326986752,4400,1542
1618,684567543613382656,3217,1355
1619,684538444857667585,2832,1057
1620,684481074559381504,4132,1282
1621,684460069371654144,2109,609
1622,684241637099323392,8725,3615
1623,684225744407494656,1324,232
1624,684222868335505415,4106,1519
1625,684200372118904832,2322,1131
1626,684195085588783105,2047,569
1627,684188786104872960,3719,1288
1628,684177701129875456,2155,737
1629,684147889187209216,3178,1638
1630,684122891630342144,2126,521
1631,684097758874210310,4388,1572
1632,683857920510050305,4054,1224
1633,683852578183077888,2057,385
1634,683849932751646720,2806,1075
1635,683834909291606017,2800,1210
1636,683828599284170753,2979,1157
1637,683773439333797890,3577,1486
1638,683742671509258241,6964,3651
1639,683515932363329536,7874,3186
1640,683498322573824003,3376,1051
1641,683481228088049664,2810,1088
1642,683462770029932544,2600,732
1643,683449695444799489,4156,1761
1644,683391852557561860,8121,2611
1645,683357973142474752,3144,1031
1646,683142553609318400,3075,1143
1647,683111407806746624,3632,997
1648,683098815881154561,2314,717
1649,683078886620553216,2121,617
1650,683030066213818368,2303,803
1651,682962037429899265,39585,18331
1652,682808988178739200,1888,202
1653,682788441537560576,2639,1225
1654,682750546109968385,1625,479
1655,682697186228989953,1405,393
1656,682662431982772225,3250,1174
1657,682638830361513985,2195,657
1658,682429480204398592,3657,1272
1659,682406705142087680,8093,1936
1660,682393905736888321,2380,748
1661,682389078323662849,1782,511
1662,682303737705140231,3288,1092
1663,682259524040966145,4451,1340
1664,682242692827447297,3471,1298
1665,682088079302213632,19587,10882
1666,682059653698686977,5294,1857
1667,682047327939461121,3425,1060
1668,682032003584274432,7025,2209
1669,682003177596559360,3361,1671
1670,681981167097122816,2958,1129
1671,681891461017812993,2635,910
1672,681694085539872773,13640,4431
1673,681679526984871937,1874,488
1674,681654059175129088,2817,1018
1675,681610798867845120,2040,518
1676,681579835668455424,3788,1438
1677,681523177663676416,15304,6387
1678,681340665377193984,1744,303
1679,681339448655802368,9911,4442
1680,681320187870711809,2834,833
1681,681302363064414209,4218,2005
1682,681297372102656000,3396,1048
1683,681281657291280384,3427,1207
1684,681261549936340994,1553,299
1685,681242418453299201,1595,597
1686,681231109724700672,2548,528
1687,681193455364796417,3957,1629
1688,680970795137544192,2587,725
1689,680959110691590145,4854,2171
1690,680940246314430465,3441,1158
1691,680934982542561280,2215,482
1692,680913438424612864,2551,677
1693,680889648562991104,1881,400
1694,680836378243002368,3674,1458
1695,680805554198020098,2313,723
1696,680801747103793152,2525,903
1697,680798457301471234,3050,1140
1698,680609293079592961,2806,781
1699,680583894916304897,3841,1466
1700,680497766108381184,4512,2094
1701,680494726643068929,1826,528
1702,680473011644985345,2702,817
1703,680440374763077632,1547,552
1704,680221482581123072,1552,316
1705,680206703334408192,3016,1286
1706,680191257256136705,2291,558
1707,680176173301628928,4157,1707
1708,680161097740095489,2465,800
1709,680145970311643136,3850,1902
1710,680130881361686529,2445,1040
1711,680115823365742593,2890,998
1712,680100725817409536,3803,1496
1713,680085611152338944,13626,9728
1714,680070545539371008,2735,962
1715,680055455951884288,17803,7795
1716,679877062409191424,2090,705
1717,679872969355714560,2311,722
1718,679862121895714818,2624,683
1719,679854723806179328,3060,1353
1720,679844490799091713,2525,853
1721,679828447187857408,38630,15329
1722,679777920601223168,3288,1223
1723,679736210798047232,2228,876
1724,679729593985699840,2306,902
1725,679722016581222400,1763,517
1726,679530280114372609,5065,2267
1727,679527802031484928,2817,798
1728,679511351870550016,3595,1403
1729,679503373272485890,3364,1618
1730,679475951516934144,2237,701
1731,679462823135686656,33857,20601
1732,679405845277462528,2532,1320
1733,679158373988876288,22894,8870
1734,679148763231985668,2947,1123
1735,679132435750195208,3155,1270
1736,679111216690831360,6348,2799
1737,679062614270468097,18210,8979
1738,679047485189439488,2397,749
1739,679001094530465792,3002,1344
1740,678991772295516161,2476,1280
1741,678969228704284672,1744,503
1742,678800283649069056,2734,983
1743,678798276842360832,3709,1298
1744,678774928607469569,2953,1006
1745,678767140346941444,3753,1495
1746,678764513869611008,1733,524
1747,678755239630127104,7602,3621
1748,678740035362037760,3988,1861
1749,678708137298427904,5909,2656
1750,678675843183484930,3050,1626
1751,678643457146150913,2176,467
1752,678446151570427904,4247,1720
1753,678424312106393600,5756,2777
1754,678410210315247616,4504,1990
1755,678399652199309312,61578,30137
1756,678396796259975168,1686,456
1757,678389028614488064,1980,459
1758,678380236862578688,2581,986
1759,678341075375947776,1833,588
1760,678334497360859136,1377,292
1761,678278586130948096,12187,6617
1762,678255464182861824,1681,405
1763,678023323247357953,2039,424
1764,678021115718029313,14587,6926
1765,677961670166224897,3617,1826
1766,677918531514703872,1431,445
1767,677895101218201600,5123,2303
1768,677716515794329600,3230,1060
1769,677700003327029250,3590,1562
1770,677698403548192770,1294,347
1771,677687604918272002,2621,915
1772,677673981332312066,3534,1627
1773,677662372920729601,2067,1062
1774,677644091929329666,1988,866
1775,677573743309385728,2264,794
1776,677565715327688705,1360,496
1777,677557565589463040,2574,1266
1778,677547928504967168,7340,3943
1779,677530072887205888,1127,243
1780,677335745548390400,3230,1941
1781,677334615166730240,1435,321
1782,677331501395156992,1150,257
1783,677328882937298944,3843,1629
1784,677314812125323265,1739,586
1785,677301033169788928,1318,449
1786,677269281705472000,2096,765
1787,677228873407442944,3739,1771
1788,677187300187611136,2887,997
1789,676975532580409345,2935,1161
1790,676957860086095872,2327,878
1791,676949632774234114,1372,428
1792,676948236477857792,2293,947
1793,676946864479084545,1795,410
1794,676942428000112642,2195,827
1795,676936541936185344,13439,5328
1796,676916996760600576,3136,1940
1797,676897532954456065,2375,785
1798,676864501615042560,2223,779
1799,676821958043033607,24390,16932
1800,676819651066732545,1902,718
1801,676811746707918848,1498,457
1802,676776431406465024,5265,2175
1803,676617503762681856,3055,1066
1804,676613908052996102,1148,210
1805,676606785097199616,1985,476
1806,676603393314578432,1233,423
1807,676593408224403456,4827,2334
1808,676590572941893632,974,139
1809,676588346097852417,2463,864
1810,676582956622721024,1269,305
1811,676575501977128964,2725,1214
1812,676533798876651520,1977,602
1813,676496375194980353,1593,576
1814,676470639084101634,12259,5056
1815,676440007570247681,1812,725
1816,676430933382295552,1469,373
1817,676263575653122048,2184,590
1818,676237365392908289,1284,318
1819,676219687039057920,78968,33598
1820,676215927814406144,1829,635
1821,676191832485810177,2393,1109
1822,676146341966438401,2016,721
1823,676121918416756736,2253,1257
1824,676101918813499392,2952,1247
1825,676098748976615425,3170,1556
1826,676089483918516224,1379,462
1827,675898130735476737,1717,623
1828,675891555769696257,2236,944
1829,675888385639251968,2501,1036
1830,675878199931371520,4401,1515
1831,675870721063669760,1727,610
1832,675853064436391936,2832,1402
1833,675849018447167488,990,165
1834,675845657354215424,2394,961
1835,675822767435051008,1602,573
1836,675820929667219457,1098,247
1837,675798442703122432,10783,3646
1838,675781562965868544,1694,511
1839,675740360753160193,1217,373
1840,675710890956750848,1986,896
1841,675707330206547968,2088,745
1842,675706639471788032,676,103
1843,675534494439489536,1899,450
1844,675531475945709568,1237,413
1845,675522403582218240,1088,307
1846,675517828909424640,1373,491
1847,675501075957489664,17978,6246
1848,675497103322386432,3293,1394
1849,675489971617296384,1359,639
1850,675483430902214656,1932,1043
1851,675432746517426176,1591,609
1852,675372240448454658,1791,544
1853,675362609739206656,1098,246
1854,675354435921575936,34343,18413
1855,675349384339542016,4119,2430
1856,675334060156301312,2914,1386
1857,675166823650848770,3785,1736
1858,675153376133427200,6596,2798
1859,675149409102012420,3907,1804
1860,675147105808306176,988,258
1861,675146535592706048,1246,334
1862,675145476954566656,2234,965
1863,675135153782571009,1358,528
1864,675113801096802304,2048,839
1865,675111688094527488,1004,270
1866,675109292475830276,2914,1210
1867,675047298674663426,1106,352
1868,675015141583413248,2824,1282
1869,675006312288268288,1018,242
1870,675003128568291329,1617,504
1871,674999807681908736,2349,1185
1872,674805413498527744,898,379
1873,674800520222154752,3138,921
1874,674793399141146624,2617,1170
1875,674790488185167872,1149,270
1876,674788554665512960,844,222
1877,674781762103414784,2097,1294
1878,674774481756377088,1180,510
1879,674767892831932416,1913,856
1880,674764817387900928,821,256
1881,674754018082705410,1418,479
1882,674752233200820224,1530,496
1883,674743008475090944,1463,585
1884,674742531037511680,513,54
1885,674739953134403584,1167,421
1886,674737130913071104,670,99
1887,674690135443775488,1194,499
1888,674670581682434048,1683,694
1889,674664755118911488,959,270
1890,674646392044941312,1494,535
1891,674644256330530816,1072,293
1892,674638615994089473,1742,621
1893,674632714662858753,1558,613
1894,674606911342424069,981,107
1895,674468880899788800,6488,2203
1896,674447403907457024,1105,381
1897,674436901579923456,1158,419
1898,674422304705744896,1485,564
1899,674416750885273600,707,148
1900,674410619106390016,1244,499
1901,674394782723014656,1558,612
1902,674372068062928900,881,329
1903,674330906434379776,582,77
1904,674318007229923329,1472,551
1905,674307341513269249,11805,7394
1906,674291837063053312,15382,6304
1907,674271431610523648,1633,772
1908,674269164442398721,930,242
1909,674265582246694913,1704,898
1910,674262580978937856,1350,488
1911,674255168825880576,1522,599
1912,674082852460433408,780,180
1913,674075285688614912,1015,305
1914,674063288070742018,6618,2372
1915,674053186244734976,3466,1391
1916,674051556661161984,1507,509
1917,674045139690631169,1471,684
1918,674042553264685056,747,136
1919,674038233588723717,1142,436
1920,674036086168010753,875,233
1921,674024893172875264,1864,1303
1922,674019345211760640,1174,320
1923,674014384960745472,1627,689
1924,674008982932058114,1243,373
1925,673956914389192708,2025,1028
1926,673919437611909120,1212,387
1927,673906403526995968,3315,1733
1928,673887867907739649,970,267
1929,673716320723169284,3198,812
1930,673715861853720576,3686,2226
1931,673711475735838725,1078,316
1932,673709992831262724,883,293
1933,673708611235921920,1113,308
1934,673707060090052608,1140,416
1935,673705679337693185,1303,419
1936,673700254269775872,1489,605
1937,673697980713705472,3946,2082
1938,673689733134946305,1810,687
1939,673688752737402881,1312,524
1940,673686845050527744,1499,462
1941,673680198160809984,1422,495
1942,673662677122719744,1298,383
1943,673656262056419329,741,257
1944,673636718965334016,1161,394
1945,673612854080196609,1649,770
1946,673583129559498752,1233,391
1947,673580926094458881,859,281
1948,673576835670777856,1432,593
1949,673363615379013632,1058,328
1950,673359818736984064,1509,708
1951,673355879178194945,1546,622
1952,673352124999274496,1713,572
1953,673350198937153538,759,223
1954,673345638550134785,2617,1363
1955,673343217010679808,1009,281
1956,673342308415348736,1313,627
1957,673320132811366400,14021,8414
1958,673317986296586240,897,280
1959,673295268553605120,7800,3357
1960,673270968295534593,1102,392
1961,673240798075449344,1468,769
1962,673213039743795200,2340,895
1963,673148804208660480,1766,665
1964,672997845381865473,2034,759
1965,672995267319328768,990,314
1966,672988786805112832,1007,305
1967,672984142909456390,1290,572
1968,672980819271634944,1873,1051
1969,672975131468300288,1747,969
1970,672970152493887488,989,375
1971,672968025906282496,1362,578
1972,672964561327235073,1471,678
1973,672902681409806336,1413,532
1974,672898206762672129,921,443
1975,672884426393653248,1608,876
1976,672877615439593473,1064,391
1977,672834301050937345,1363,605
1978,672828477930868736,1298,515
1979,672640509974827008,1007,340
1980,672622327801233409,1341,520
1981,672614745925664768,1269,619
1982,672609152938721280,1151,409
1983,672604026190569472,1152,429
1984,672594978741354496,1370,638
1985,672591762242805761,981,349
1986,672591271085670400,752,197
1987,672538107540070400,1063,391
1988,672523490734551040,671,181
1989,672488522314567680,1150,460
1990,672482722825261057,1175,638
1991,672481316919734272,736,128
1992,672475084225949696,1488,738
1993,672466075045466113,1406,570
1994,672272411274932228,6683,3574
1995,672267570918129665,1547,642
1996,672264251789176834,1186,359
1997,672256522047614977,2916,1646
1998,672254177670729728,1477,779
1999,672248013293752320,1788,637
2000,672245253877968896,709,164
2001,672239279297454080,925,335
2002,672231046314901505,1909,1060
2003,672222792075620352,813,223
2004,672205392827572224,2337,1216
2005,672169685991993344,1053,390
2006,672160042234327040,899,381
2007,672139350159835138,1811,764
2008,672125275208069120,2490,1205
2009,672095186491711488,1032,385
2010,672082170312290304,974,385
2011,672068090318987265,1341,542
2012,671896809300709376,8756,4374
2013,671891728106971137,1373,592
2014,671882082306625538,3587,1451
2015,671879137494245376,1472,727
2016,671874878652489728,1292,582
2017,671866342182637568,1163,525
2018,671855973984772097,950,478
2019,671789708968640512,7314,3675
2020,671768281401958400,1234,551
2021,671763349865160704,1743,974
2022,671744970634719232,1394,812
2023,671743150407421952,762,240
2024,671735591348891648,1495,790
2025,671729906628341761,8845,4611
2026,671561002136281088,13313,7647
2027,671550332464455680,946,219
2028,671547767500775424,1405,630
2029,671544874165002241,2068,1106
2030,671542985629241344,1130,596
2031,671538301157904385,958,416
2032,671536543010570240,1221,429
2033,671533943490011136,1062,608
2034,671528761649688577,870,272
2035,671520732782923777,1450,559
2036,671518598289059840,977,306
2037,671511350426865664,1670,765
2038,671504605491109889,7296,3725
2039,671497587707535361,953,472
2040,671488513339211776,1047,494
2041,671486386088865792,605,215
2042,671485057807351808,787,243
2043,671390180817915904,1464,777
2044,671362598324076544,1159,309
2045,671357843010908160,414,155
2046,671355857343524864,494,118
2047,671347597085433856,1004,456
2048,671186162933985280,763,227
2049,671182547775299584,1161,361
2050,671166507850801152,905,374
2051,671163268581498880,1719,1170
2052,671159727754231808,388,86
2053,671154572044468225,744,228
2054,671151324042559489,695,161
2055,671147085991960577,696,241
2056,671141549288370177,1212,688
2057,671138694582165504,965,425
2058,671134062904504320,773,204
2059,671122204919246848,3626,2669
2060,671115716440031232,1404,812
2061,671109016219725825,1185,460
2062,670995969505435648,1147,306
2063,670842764863651840,25437,9255
2064,670840546554966016,617,206
2065,670838202509447168,1155,733
2066,670833812859932673,462,131
2067,670832455012716544,761,230
2068,670826280409919488,5772,4294
2069,670823764196741120,801,200
2070,670822709593571328,628,101
2071,670815497391357952,3290,1636
2072,670811965569282048,1171,283
2073,670807719151067136,1189,519
2074,670804601705242624,2041,1001
2075,670803562457407488,351,92
2076,670797304698376195,755,248
2077,670792680469889025,864,292
2078,670789397210615808,687,252
2079,670786190031921152,624,211
2080,670783437142401025,848,417
2081,670782429121134593,1625,822
2082,670780561024270336,804,300
2083,670778058496974848,340,76
2084,670764103623966721,1113,448
2085,670755717859713024,464,120
2086,670733412878163972,994,534
2087,670727704916926465,864,387
2088,670717338665226240,1259,522
2089,670704688707301377,787,390
2090,670691627984359425,608,255
2091,670679630144274432,775,307
2092,670676092097810432,260,45
2093,670668383499735048,11116,5321
2094,670474236058800128,1585,807
2095,670468609693655041,363,89
2096,670465786746662913,1009,584
2097,670452855871037440,567,219
2098,670449342516494336,1233,707
2099,670444955656130560,6934,2083
2100,670442337873600512,674,206
2101,670435821946826752,1090,553
2102,670434127938719744,1455,682
2103,670433248821026816,334,120
2104,670428280563085312,1437,670
2105,670427002554466305,538,174
2106,670421925039075328,1361,675
2107,670420569653809152,654,331
2108,670417414769758208,585,340
2109,670411370698022913,2112,952
2110,670408998013820928,576,235
2111,670403879788544000,447,165
2112,670385711116361728,580,226
2113,670374371102445568,763,283
2114,670361874861563904,336,70
2115,670338931251150849,443,118
2116,670319130621435904,3988,1301
2117,670303360680108032,440,142
2118,670290420111441920,734,299
2119,670093938074779648,1070,356
2120,670086499208155136,724,264
2121,670079681849372674,2308,1327
2122,670073503555706880,1623,835
2123,670069087419133954,653,257
2124,670061506722140161,791,364
2125,670055038660800512,694,349
2126,670046952931721218,670,187
2127,670040295598354432,781,117
2128,670037189829525505,608,296
2129,670003130994700288,344,97
2130,669993076832759809,337,88
2131,669972011175813120,459,170
2132,669970042633789440,312,64
2133,669942763794931712,526,177
2134,669926384437997569,389,111
2135,669923323644657664,242,61
2136,669753178989142016,839,425
2137,669749430875258880,281,68
2138,669684865554620416,539,92
2139,669683899023405056,405,116
2140,669682095984410625,366,138
2141,669680153564442624,694,303
2142,669661792646373376,836,461
2143,669625907762618368,3663,1905
2144,669603084620980224,982,389
2145,669597912108789760,526,160
2146,669583744538451968,1544,985
2147,669573570759163904,449,152
2148,669571471778410496,1638,1056
2149,669567591774625800,241,60
2150,669564461267722241,398,130
2151,669393256313184256,376,81
2152,669375718304980992,1384,763
2153,669371483794317312,514,189
2154,669367896104181761,473,166
2155,669363888236994561,645,242
2156,669359674819481600,379,131
2157,669354382627049472,2796,1338
2158,669353438988365824,666,268
2159,669351434509529089,456,198
2160,669328503091937280,1044,439
2161,669327207240699904,595,121
2162,669324657376567296,511,216
2163,669216679721873412,931,405
2164,669214165781868544,457,178
2165,669203728096960512,1046,501
2166,669037058363662336,678,327
2167,669015743032369152,764,390
2168,669006782128353280,594,262
2169,669000397445533696,21585,6698
2170,668994913074286592,456,247
2171,668992363537309700,774,367
2172,668989615043424256,703,342
2173,668988183816871936,931,499
2174,668986018524233728,570,176
2175,668981893510119424,560,324
2176,668979806671884288,820,373
2177,668975677807423489,1357,616
2178,668967877119254528,152,25
2179,668960084974809088,732,250
2180,668955713004314625,290,74
2181,668932921458302977,277,60
2182,668902994700836864,329,106
2183,668892474547511297,411,160
2184,668872652652679168,547,313
2185,668852170888998912,468,174
2186,668826086256599040,453,147
2187,668815180734689280,589,285
2188,668779399630725120,728,393
2189,668655139528511488,548,229
2190,668645506898350081,929,569
2191,668643542311546881,920,557
2192,668641109086707712,1116,561
2193,668636665813057536,1081,510
2194,668633411083464705,2919,1738
2195,668631377374486528,743,338
2196,668627278264475648,329,119
2197,668625577880875008,407,140
2198,668623201287675904,1501,823
2199,668620235289837568,214,45
2200,668614819948453888,630,331
2201,668587383441514497,1723,1141
2202,668567822092664832,253,61
2203,668544745690562560,537,239
2204,668542336805281792,479,225
2205,668537837512433665,258,78
2206,668528771708952576,480,236
2207,668507509523615744,335,113
2208,668496999348633600,424,139
2209,668484198282485761,442,248
2210,668480044826800133,479,155
2211,668466899341221888,917,543
2212,668297328638447616,639,313
2213,668291999406125056,258,34
2214,668286279830867968,520,143
2215,668274247790391296,852,240
2216,668268907921326080,573,250
2217,668256321989451776,1348,649
2218,668248472370458624,1021,510
2219,668237644992782336,6415,2985
2220,668226093875376128,314,110
2221,668221241640230912,524,209
2222,668204964695683073,568,202
2223,668190681446379520,671,204
2224,668171859951755264,504,202
2225,668154635664932864,511,330
2226,668142349051129856,579,301
2227,668113020489474048,684,255
2228,667937095915278337,1315,832
2229,667924896115245057,309,116
2230,667915453470232577,217,58
2231,667911425562669056,510,316
2232,667902449697558528,872,390
2233,667886921285246976,1953,1144
2234,667885044254572545,843,508
2235,667878741721415682,404,124
2236,667873844930215936,649,426
2237,667866724293877760,3088,1079
2238,667861340749471744,250,81
2239,667832474953625600,294,65
2240,667806454573760512,1085,522
2241,667801013445750784,338,98
2242,667793409583771648,718,342
2243,667782464991965184,423,253
2244,667773195014021121,240,59
2245,667766675769573376,456,228
2246,667728196545200128,383,156
2247,667724302356258817,500,332
2248,667550904950915073,0,35
2249,667550882905632768,0,33
2250,667549055577362432,5961,2386
2251,667546741521195010,341,130
2252,667544320556335104,889,547
2253,667538891197542400,209,69
2254,667534815156183040,842,559
2255,667530908589760512,487,253
2256,667524857454854144,1747,1162
2257,667517642048163840,377,198
2258,667509364010450944,6957,2211
2259,667502640335572993,544,227
2260,667495797102141441,540,286
2261,667491009379606528,547,235
2262,667470559035432960,264,100
2263,667455448082227200,195,65
2264,667453023279554560,320,93
2265,667443425659232256,803,604
2266,667437278097252352,458,248
2267,667435689202614272,310,85
2268,667405339315146752,475,224
2269,667393430834667520,199,58
2270,667369227918143488,375,168
2271,667211855547486208,501,250
2272,667200525029539841,626,270
2273,667192066997374976,395,109
2274,667188689915760640,759,430
2275,667182792070062081,14698,6431
2276,667177989038297088,193,57
2277,667176164155375616,624,473
2278,667174963120574464,253,86
2279,667171260800061440,227,93
2280,667165590075940865,2748,1185
2281,667160273090932737,262,65
2282,667152164079423490,48877,17721
2283,667138269671505920,4717,2295
2284,667119796878725120,334,131
2285,667090893657276420,339,130
2286,667073648344346624,412,126
2287,667070482143944705,85,14
2288,667065535570550784,169,49
2289,667062181243039745,221,56
2290,667044094246576128,188,51
2291,667012601033924608,456,232
2292,666996132027977728,247,97
2293,666983947667116034,2602,1011
2294,666837028449972224,832,566
2295,666835007768551424,218,80
2296,666826780179869698,258,98
2297,666817836334096384,527,258
2298,666804364988780544,244,94
2299,666786068205871104,774,496
2300,666781792255496192,395,203
2301,666776908487630848,358,178
2302,666739327293083650,240,66
2303,666701168228331520,437,223
2304,666691418707132416,190,48
2305,666649482315059201,893,590
2306,666644823164719104,234,85
2307,666454714377183233,526,212
2308,666447344410484738,105,21
2309,666437273139982337,127,49
2310,666435652385423360,167,54
2311,666430724426358785,321,199
2312,666428276349472768,166,84
2313,666421158376562688,318,111
2314,666418789513326592,127,47
2315,666411507551481857,448,328
2316,666407126856765440,110,41
2317,666396247373291520,166,86
2318,666373753744588802,189,93
2319,666362758909284353,779,574
2320,666353288456101888,221,73
2321,666345417576210432,298,139
2322,666337882303524864,199,92
2323,666293911632134144,509,357
2324,666287406224695296,148,66
2325,666273097616637952,175,76
2326,666268910803644416,104,35
2327,666104133288665088,14352,6637
2328,666102155909144576,80,13
2329,666099513787052032,156,68
2330,666094000022159362,164,74
2331,666082916733198337,119,45
2332,666073100786774016,322,164
2333,666071193221509120,148,62
2334,666063827256086533,476,220
2335,666058600524156928,112,57
2336,666057090499244032,298,142
2337,666055525042405380,434,252
2338,666051853826850816,1225,853
2339,666050758794694657,132,58
2340,666049248165822465,109,41
2341,666044226329800704,299,141
2342,666033412701032449,125,45
2343,666029285002620928,129,47
2344,666020888022790149,2562,517
